mtllib materials.mtl
v -0.6493179 -0.2246552 0.311626
v -0.6493179 -0.2246553 0.05162597
v -0.6493179 0.1753447 0.05162597
v -0.6493179 0.1753448 0.311626
v 0.700682 -0.2246552 0.3116261
v 0.700682 0.1753448 0.3116261
v 0.700682 0.1753447 0.05162609
v 0.700682 -0.2246553 0.05162609
v 0.3606819 0.04534483 0.05162585
v 0.3606819 0.04534483 0.1016259
v 0.3606819 0.1453447 0.1016259
v 0.3606819 0.1453449 0.05162597
v -0.0193181 0.04534483 0.05162561
v -0.0193181 0.1453449 0.05162573
v -0.02931821 0.1753447 0.05162573
v -0.02931821 0.03534484 0.05162561
v -0.01931822 0.04534483 0.1016257
v -0.01931822 0.1453447 0.1016257
v -0.02931821 0.1753447 0.1016257
v -0.02931821 0.03534484 0.1016256
v -0.1693182 0.1753446 0.05162561
v -0.1693182 0.03534472 0.05162561
v -0.1693182 0.1753446 0.1016256
v -0.1693182 0.03534472 0.1016256
v 0.3606819 -0.2046552 0.07162571
v 0.3606819 -0.08465517 0.07162571
v 0.3606819 -0.08465505 -0.008374333
v 0.3606819 -0.2046552 -0.008374214
v -0.6193179 -0.2046551 0.07162547
v -0.6193179 -0.2046552 -0.008374453
v -0.6193179 -0.08465505 -0.008374453
v -0.6193179 -0.08465505 0.07162547
v -0.399318 -0.08465517 0.07162571
v -0.399318 0.1553447 0.07162571
v -0.399318 0.1553447 -0.008374214
v -0.399318 -0.08465517 -0.008374214
v -0.619318 -0.08465517 0.07162571
v -0.619318 -0.08465517 -0.008374214
v -0.619318 0.1553447 -0.008374214
v -0.619318 0.1553447 0.07162571
v -0.5302755 0.1353492 -0.005149722
v -0.4561781 0.1143725 -0.003608584
v -0.4563335 0.114316 0.003098607
v -0.530431 0.1352928 0.00155735
v -0.4186023 0.04713547 -0.003303766
v -0.4187578 0.04707897 0.003403306
v -0.4395597 -0.02697515 -0.004413962
v -0.4397153 -0.02703166 0.002293229
v -0.5067737 -0.06454659 -0.006288767
v -0.5069292 -0.06460309 0.0004184246
v -0.5808712 -0.0435698 -0.007829905
v -0.5810267 -0.04362631 -0.001122832
v -0.6184468 0.02366722 -0.008134723
v -0.6186024 0.02361071 -0.001427531
v -0.5974895 0.09777784 -0.007024527
v -0.5976449 0.09772134 -0.0003174543
v -0.607522 0.02517951 -0.04812384
v -0.5886602 0.09187925 -0.04712462
v -0.573704 -0.03533387 -0.04784942
v -0.5070162 -0.05421293 -0.04646254
v -0.4465239 -0.02039874 -0.04477513
v -0.4276621 0.04630101 -0.04377604
v -0.4614801 0.1068144 -0.04405034
v -0.528168 0.1256934 -0.04543734
v -0.5828398 0.02815449 -0.06094491
v -0.5690898 0.07677853 -0.06021655
v -0.5581867 -0.01595986 -0.06074488
v -0.5095713 -0.02972257 -0.05973387
v -0.4654725 -0.005072117 -0.05850363
v -0.4517223 0.04355192 -0.05777538
v -0.4763756 0.08766615 -0.05797529
v -0.5249908 0.101429 -0.05898654
v -0.5819141 0.02849078 -0.1008646
v -0.5681639 0.07711482 -0.1001362
v -0.5572608 -0.01562357 -0.1006645
v -0.5086455 -0.0293864 -0.0996536
v -0.4645466 -0.004735947 -0.09842336
v -0.4507965 0.04388809 -0.09769499
v -0.4754497 0.08800244 -0.09789503
v -0.524065 0.1017652 -0.09890628
v -0.569157 0.03006291 -0.1135498
v -0.5580193 0.06944835 -0.1129599
v -0.5491875 -0.005669594 -0.1133877
v -0.5098094 -0.01681757 -0.1125689
v -0.4740891 0.003149509 -0.1115724
v -0.4629514 0.04253483 -0.1109824
v -0.4829208 0.07826746 -0.1111444
v -0.5222991 0.08941519 -0.1119635
v -0.619318 0.1953447 -0.008374095
v -0.619318 0.1953447 0.05162585
v -0.669318 0.1953447 0.05162585
v -0.669318 0.1953447 -0.008374095
v -0.619318 0.1353447 -0.02837408
v -0.6668869 0.1353447 -0.02837408
v -0.6668869 -0.1746553 -0.02837431
v -0.619318 -0.1746554 -0.02837431
v -0.619318 0.1846507 -0.008374095
v -0.619318 0.1846507 0.05162585
v -0.679318 0.1846507 0.05162585
v -0.679318 0.1846507 -0.008374095
v -0.6668869 0.1846507 -0.008374095
v -0.6668869 0.1846507 0.05162585
v -0.679318 0.1353447 -0.008374095
v -0.619318 0.1353447 0.05162585
v -0.6668869 0.1353447 0.05162585
v -0.679318 0.1353447 0.05162585
v -0.6668869 -0.1746553 0.05162561
v -0.619318 -0.1746552 0.05162561
v -0.679318 -0.1746551 -0.008374214
v -0.679318 -0.1746551 0.05162573
v -0.679318 -0.224655 0.05162573
v -0.679318 -0.224655 -0.008374214
v -0.619318 -0.1746551 -0.008374214
v -0.619318 -0.222224 -0.008374214
v -0.619318 -0.222224 0.05162573
v -0.619318 -0.1746551 0.05162573
v -0.6686239 -0.1746551 -0.008374214
v -0.6686239 -0.1746551 0.05162573
v -0.6686239 -0.234655 0.05162573
v -0.6686239 -0.234655 -0.008374214
v -0.6686239 -0.222224 -0.008374214
v -0.6686239 -0.222224 0.05162573
v -0.619318 -0.234655 -0.008374214
v -0.619318 -0.234655 0.05162573
v -0.6349828 -0.1945478 -0.01435232
v -0.6311604 -0.2189221 -0.01284897
v -0.6311239 -0.2182786 -0.002506495
v -0.6349466 -0.1939043 -0.004009843
v -0.6532043 -0.2300776 -0.01207721
v -0.653168 -0.2294341 -0.001734734
v -0.670651 -0.2125978 -0.01310349
v -0.6706145 -0.2119544 -0.002761126
v -0.6593895 -0.1906391 -0.01450956
v -0.659353 -0.1899956 -0.004167199
v -0.6295235 0.1898485 -0.0209049
v -0.6261277 0.166249 -0.02742517
v -0.6237544 0.1638814 -0.01761997
v -0.6271503 0.1874808 -0.01109958
v -0.6477326 0.1544802 -0.02503777
v -0.6453594 0.1521125 -0.01523244
v -0.6644812 0.1708061 -0.0170418
v -0.6621079 0.1684384 -0.0072366
v -0.6532273 0.1926649 -0.0144875
v -0.6508541 0.1902972 -0.004682422
v 0.6906818 0.1553448 0.05162585
v 0.6906818 0.1953448 0.05162585
v 0.6906818 0.1953448 -0.02837408
v 0.6906818 0.1553448 -0.02837408
v -0.6193181 0.1553448 0.05162561
v -0.6193181 0.1553448 -0.02837431
v -0.6193181 0.1953448 -0.02837431
v -0.6193181 0.1953448 0.05162561
v 0.6906818 -0.2346551 0.05162597
v 0.6906818 -0.1946552 0.05162597
v 0.6906818 -0.1946552 -0.01837397
v 0.6906818 -0.2346551 -0.01837397
v -0.6193181 -0.2346551 0.05162549
v -0.6193181 -0.2346551 -0.01837444
v -0.6193181 -0.1946552 -0.01837444
v -0.6193181 -0.1946552 0.05162549
v 0.6906821 -0.2346551 -0.008374214
v 0.6906821 -0.2346551 0.05162573
v 0.740682 -0.2346551 0.05162573
v 0.740682 -0.2346551 -0.008374214
v 0.6906821 -0.1746552 -0.008374214
v 0.7382509 -0.1746552 -0.008374214
v 0.7382509 -0.1746552 0.05162573
v 0.6906821 -0.1746552 0.05162573
v 0.6906821 -0.2239611 -0.008374214
v 0.6906821 -0.2239611 0.05162573
v 0.750682 -0.2239611 0.05162573
v 0.750682 -0.2239611 -0.008374214
v 0.7382511 -0.2239611 -0.008374214
v 0.7382511 -0.2239611 0.05162573
v 0.750682 -0.1746552 -0.008374214
v 0.750682 -0.1746552 0.05162573
v 0.7371012 -0.1817597 -0.01557529
v 0.7454447 -0.2050216 -0.01606858
v 0.7447389 -0.2054939 -0.005741
v 0.7363952 -0.1822319 -0.005247712
v 0.7259527 -0.2200867 -0.01808953
v 0.725247 -0.220559 -0.007761955
v 0.7055622 -0.2061354 -0.0188452
v 0.7048565 -0.2066077 -0.008517623
v 0.7124523 -0.182448 -0.01729143
v 0.7117466 -0.1829203 -0.00696373
v 0.750682 0.1353449 -0.008374214
v 0.750682 0.1353449 0.05162573
v 0.750682 0.1853448 0.05162573
v 0.750682 0.1853448 -0.008374214
v 0.6906821 0.1353449 -0.008374214
v 0.6906821 0.1829138 -0.008374214
v 0.6906821 0.1829138 0.05162573
v 0.6906821 0.1353449 0.05162573
v 0.739988 0.1353449 -0.008374214
v 0.739988 0.1353449 0.05162573
v 0.739988 0.1953448 0.05162573
v 0.739988 0.1953448 -0.008374214
v 0.739988 0.1829138 -0.008374214
v 0.739988 0.1829138 0.05162573
v 0.6906821 0.1953448 -0.008374214
v 0.6906821 -0.1746552 -0.008374929
v 0.739988 -0.1746552 -0.008374929
v 0.6906821 0.1953448 0.05162573
v 0.6906821 -0.1746552 0.05162501
v 0.739988 -0.1746552 0.05162501
v 0.7230366 0.1906228 -0.01743579
v 0.744258 0.1779523 -0.01713693
v 0.7438856 0.1775723 -0.006788135
v 0.722664 0.1902428 -0.007086992
v 0.7387918 0.1538706 -0.01821804
v 0.7384194 0.1534905 -0.007869244
v 0.714192 0.1516576 -0.01918495
v 0.7138196 0.1512777 -0.00883615
v 0.7044548 0.1743717 -0.01870143
v 0.7040824 0.1739917 -0.008352637
v -0.2193179 -0.1746551 -0.04004085
v -0.2193179 -0.1746552 0.009959102
v -0.2193179 -0.1246552 0.009959221
v -0.2193178 -0.1246551 -0.04004085
v -0.3193178 -0.174655 -0.04004097
v -0.3193178 -0.124655 -0.04004085
v -0.3193178 -0.1246551 0.009959102
v -0.3193179 -0.1746551 0.009959102
v -0.2243179 -0.1271552 -0.04837406
v -0.224318 -0.172155 -0.04837418
v -0.3143177 -0.1271551 -0.04837418
v -0.3143178 -0.1721549 -0.04837418
v -0.08931792 -0.1746552 -0.03587413
v -0.08931792 -0.1746553 0.01412582
v -0.08931792 -0.1246554 0.01412594
v -0.0893178 -0.1246552 -0.03587413
v -0.1893178 -0.1746551 -0.03587425
v -0.1893178 -0.1246551 -0.03587413
v -0.1893178 -0.1246552 0.01412582
v -0.1893179 -0.1746552 0.01412582
v -0.09431791 -0.1271553 -0.04420733
v -0.09431803 -0.1721551 -0.04420745
v -0.1843177 -0.1271552 -0.04420745
v -0.1843178 -0.172155 -0.04420745
v 0.0406822 -0.1746552 -0.03587413
v 0.04068196 -0.1746553 0.01412582
v 0.0406822 -0.1246554 0.01412594
v 0.0406822 -0.1246552 -0.03587413
v -0.05931783 -0.1746551 -0.03587425
v -0.05931783 -0.1246551 -0.03587413
v -0.05931783 -0.1246552 0.01412582
v -0.05931795 -0.1746552 0.01412582
v 0.03568208 -0.1271553 -0.04420745
v 0.03568208 -0.1721551 -0.04420745
v -0.05431771 -0.1271552 -0.04420745
v -0.05431783 -0.1721551 -0.04420745
v 0.1706821 -0.1746552 -0.03754079
v 0.1706821 -0.1746553 0.01245916
v 0.1706821 -0.1246552 0.01245916
v 0.1706821 -0.1246552 -0.03754079
v 0.07068217 -0.1746552 -0.03754079
v 0.07068217 -0.1246551 -0.03754079
v 0.07068217 -0.1246552 0.01245916
v 0.07068217 -0.1746552 0.01245916
v 0.165682 -0.1271553 -0.04587412
v 0.165682 -0.1721551 -0.04587412
v 0.07568228 -0.1271552 -0.04587412
v 0.07568228 -0.1721551 -0.04587412
v 0.2906822 -0.1746552 -0.03754079
v 0.2906822 -0.1746553 0.01245916
v 0.2906822 -0.1246552 0.01245928
v 0.2906822 -0.1246552 -0.03754079
v 0.1906823 -0.1746552 -0.03754091
v 0.1906823 -0.1246551 -0.03754079
v 0.1906823 -0.1246552 0.01245916
v 0.1906823 -0.1746552 0.01245916
v 0.2856821 -0.1271553 -0.04587412
v 0.2856821 -0.1721551 -0.04587412
v 0.1956824 -0.1271552 -0.04587412
v 0.1956824 -0.1721551 -0.04587412
v 0.4106821 -0.1746553 -0.03754079
v 0.4106821 -0.1746554 0.01245916
v 0.4106821 -0.1246554 0.01245916
v 0.4106821 -0.1246554 -0.03754079
v 0.3106822 -0.1746553 -0.03754079
v 0.3106822 -0.1246552 -0.03754079
v 0.3106822 -0.1246554 0.01245916
v 0.3106822 -0.1746553 0.01245916
v 0.405682 -0.1271554 -0.04587412
v 0.405682 -0.1721553 -0.04587412
v 0.3156823 -0.1271553 -0.04587412
v 0.3156823 -0.1721553 -0.04587412
v 0.6906818 -0.1946552 0.09162581
v 0.6906818 0.1553447 0.09162581
v 0.6906818 0.1553447 -0.008374214
v 0.6906818 -0.1946553 -0.008374214
v 0.3606819 -0.1946552 0.09162569
v 0.3606819 -0.1946553 -0.008374214
v 0.3606819 0.1553447 -0.008374333
v 0.3606819 0.1553447 0.09162569
v 0.542837 0.1303494 0.0008511543
v 0.6206392 0.1083237 0.00246942
v 0.6204761 0.1082644 0.009511948
v 0.5426737 0.13029 0.007893682
v 0.6600939 0.03772485 0.002789378
v 0.6599306 0.03766561 0.009831905
v 0.6380886 -0.04009128 0.00162375
v 0.6379253 -0.04015064 0.008666277
v 0.5675138 -0.07954121 -0.0003447533
v 0.5673505 -0.07960057 0.006697774
v 0.4897114 -0.05751562 -0.001963019
v 0.4895481 -0.05757499 0.005079508
v 0.4502569 0.01308322 -0.002282977
v 0.4500936 0.01302385 0.00475955
v 0.4722623 0.09089947 -0.001117349
v 0.4720989 0.0908401 0.005925179
v 0.461728 0.01467121 -0.04427171
v 0.4815329 0.08470583 -0.04322243
v 0.4972371 -0.04886782 -0.04398346
v 0.5672592 -0.0686909 -0.0425272
v 0.630776 -0.03318596 -0.04075539
v 0.650581 0.03684866 -0.03970635
v 0.6150721 0.1003877 -0.03999448
v 0.5450498 0.1202108 -0.04145086
v 0.4876443 0.01779485 -0.05773377
v 0.502082 0.06885016 -0.05696893
v 0.5135304 -0.02852511 -0.05752373
v 0.5645763 -0.04297614 -0.05646217
v 0.6108803 -0.01709318 -0.05517042
v 0.6253179 0.03396213 -0.05440569
v 0.5994319 0.08028221 -0.05461562
v 0.5483857 0.09473312 -0.05567753
v 0.4886163 0.01814795 -0.09964943
v 0.503054 0.06920314 -0.09888458
v 0.5145024 -0.02817214 -0.09943938
v 0.5655485 -0.04262304 -0.09837782
v 0.6118523 -0.01674008 -0.09708607
v 0.62629 0.03431523 -0.09632134
v 0.6004039 0.08063519 -0.09653139
v 0.549358 0.0950861 -0.09759319
v 0.5020114 0.01979876 -0.1129688
v 0.5137058 0.06115353 -0.1123494
v 0.5229791 -0.01772046 -0.1127987
v 0.5643264 -0.02942574 -0.111939
v 0.6018327 -0.008460402 -0.1108925
v 0.6135272 0.03289425 -0.1102731
v 0.5925595 0.07041347 -0.1104432
v 0.5512122 0.08211863 -0.1113032
v 0.3702732 0.04473233 -0.004688025
v 0.3911902 0.04485941 -0.00280273
v 0.3926772 -0.09658635 0.001611829
v 0.3702124 -0.09474313 -0.0008183718
v 0.3938645 0.04138839 -0.03074551
v 0.3954264 -0.09812331 -0.02649653
v 0.3715018 0.0413034 -0.03273678
v 0.371533 -0.09623861 -0.02903223
v 0.3806819 -0.08465505 -0.0183742
v 0.3806819 -0.08465517 0.001625776
v 0.3806819 0.03534484 0.001625776
v 0.3806819 0.03534484 -0.0183742
v -0.3993181 -0.08465505 -0.0183742
v -0.3993181 0.03534484 -0.0183742
v -0.3993181 0.03534496 0.001625776
v -0.3993181 -0.08465505 0.001625776
v 0.3806819 -0.08384299 0.1016262
v 0.3806819 0.046157 0.1016262
v 0.3806819 0.046157 0.001626134
v 0.3806819 -0.08384299 0.001626134
v -0.3993181 -0.08384287 0.1016256
v -0.3993181 -0.08384287 0.001625538
v -0.3993181 0.04615712 0.001625538
v -0.3993181 0.04615712 0.1016256
v 0.290682 -0.04384279 0.01162601
v 0.290682 -0.02384281 0.01162601
v 0.290682 -0.02384281 -0.008373976
v 0.290682 -0.04384279 -0.008373976
v -0.2393179 -0.04384279 0.01162577
v -0.2393179 -0.04384279 -0.008374214
v -0.2393179 -0.02384281 -0.008374214
v -0.2393179 -0.02384281 0.01162577
v -0.2005758 0.0337708 -0.00363028
v -0.1935378 0.03387797 -0.004305363
v -0.1928805 -0.009000421 -0.004260063
v -0.1999184 -0.00910759 -0.003584981
v -0.1942127 0.03386021 -0.01134419
v -0.1935552 -0.009018302 -0.01129889
v -0.2012507 0.03375304 -0.01066911
v -0.2005931 -0.009125471 -0.01062381
v -0.1790645 0.03337908 -0.00624764
v -0.1721307 0.03350806 -0.007628083
v -0.1715703 -0.006654501 -0.008563876
v -0.1785041 -0.006783485 -0.007183433
v -0.1735137 0.03365028 -0.01456106
v -0.1729531 -0.006512284 -0.01549697
v -0.1804475 0.03352129 -0.01318061
v -0.1798869 -0.00664115 -0.01411653
v -0.1615593 0.03295743 -0.00561893
v -0.1545092 0.03313565 -0.006132245
v -0.1535419 -0.007434368 -0.006931663
v -0.1605921 -0.007612586 -0.006418347
v -0.1550258 0.03326237 -0.01318324
v -0.1540585 -0.007307768 -0.01398277
v -0.162076 0.03308415 -0.01266992
v -0.1611086 -0.007485986 -0.01346946
v -0.138545 0.03280818 -0.005625486
v -0.1316211 0.03294444 -0.007054329
v -0.1308706 -0.007225394 -0.007248759
v -0.1377944 -0.00736165 -0.005819917
v -0.1330503 0.03295124 -0.01397943
v -0.1322997 -0.007218599 -0.01417387
v -0.1399742 0.03281498 -0.01255059
v -0.1392235 -0.007354856 -0.01274502
v -0.1192989 0.03398037 -0.006015658
v -0.112235 0.03408527 -0.00631392
v -0.1116592 -0.00649488 -0.006959677
v -0.1187232 -0.006599903 -0.006661296
v -0.1125348 0.0341934 -0.01337779
v -0.111959 -0.006386757 -0.01402366
v -0.1195987 0.03408849 -0.01307952
v -0.119023 -0.00649178 -0.01372528
v -0.09629786 0.03359771 -0.00531888
v -0.08933258 0.03365898 -0.006535888
v -0.08898783 -0.006516933 -0.006584764
v -0.09595299 -0.006578088 -0.005367637
v -0.09054959 0.03365695 -0.01350152
v -0.09020472 -0.006518841 -0.01355028
v -0.09751487 0.03359568 -0.0122844
v -0.09717 -0.006580114 -0.01233315
v -0.08003187 0.03381705 -0.005135894
v -0.07298887 0.03387833 -0.005762339
v -0.07264054 -0.006709576 -0.005811572
v -0.07968354 -0.006770849 -0.005185246
v -0.07361531 0.03388143 -0.01280558
v -0.07326686 -0.006706476 -0.01285493
v -0.08065832 0.03382027 -0.01217926
v -0.08030987 -0.006767631 -0.01222849
v -0.05640864 0.0348711 -0.005616426
v -0.04936564 0.03493237 -0.006242871
v -0.04899764 -0.007949591 -0.006294847
v -0.05604064 -0.008010745 -0.005668521
v -0.04999208 0.03493547 -0.01328611
v -0.04962397 -0.007946372 -0.01333821
v -0.05703509 0.03487432 -0.01265979
v -0.05666697 -0.008007646 -0.01271188
v -0.03916597 0.03486609 -0.008700967
v -0.03209567 0.03492463 -0.008609414
v -0.0317601 -0.005663514 -0.008575797
v -0.03883028 -0.005722046 -0.008667231
v -0.03200412 0.0349195 -0.01567996
v -0.03166842 -0.00566864 -0.01564634
v -0.03907442 0.03486085 -0.01577139
v -0.03873861 -0.005727172 -0.01573777
v -0.01624155 0.03435946 -0.006726146
v -0.009219408 0.03435993 -0.007556796
v -0.009144664 -0.005812645 -0.006946206
v -0.01616669 -0.005813122 -0.006115675
v -0.01004982 0.03425169 -0.01457798
v -0.009974957 -0.005921006 -0.01396763
v -0.01707196 0.03425121 -0.01374745
v -0.01699698 -0.005921364 -0.01313698
v -9.417534E-06 0.03448617 -0.005646825
v 0.007057548 0.03449583 -0.005883336
v 0.007133126 -0.006088972 -0.005266666
v 6.616116E-05 -0.006098509 -0.005030036
v 0.006821275 0.03438795 -0.01294971
v 0.006896853 -0.006196737 -0.01233292
v -0.0002458096 0.03437841 -0.01271319
v -0.0001701117 -0.006206274 -0.01209641
v 0.02361095 0.03539324 -0.004835963
v 0.03067791 0.03540289 -0.005072474
v 0.03075778 -0.007475615 -0.004420877
v 0.02369082 -0.007485271 -0.004184365
v 0.03044164 0.03529501 -0.01213884
v 0.03052151 -0.007583499 -0.01148725
v 0.02337468 0.03528547 -0.01190233
v 0.02345455 -0.007593036 -0.01125073
v 0.04523623 0.03469563 -0.006102324
v 0.05224335 0.03471828 -0.007049561
v 0.0523237 -0.005457282 -0.00741899
v 0.04531658 -0.005480051 -0.006471753
v 0.05129611 0.03478086 -0.01405656
v 0.05137646 -0.005394697 -0.01442611
v 0.04428875 0.03475809 -0.01310933
v 0.0443691 -0.005417466 -0.01347888
v 0.06266105 0.03406346 -0.004378557
v 0.06973135 0.03414607 -0.004453778
v 0.0702039 -0.006440163 -0.004656434
v 0.0631336 -0.006522775 -0.004581094
v 0.06965554 0.03418052 -0.01152444
v 0.07012808 -0.006405711 -0.01172709
v 0.06258547 0.03409779 -0.0114491
v 0.06305802 -0.006488442 -0.01165175
v 0.08562744 0.03362572 -0.002948999
v 0.09262788 0.03365529 -0.003945231
v 0.09285176 -0.006519556 -0.003562808
v 0.08585131 -0.00654912 -0.002566457
v 0.09163201 0.03358316 -0.01094544
v 0.09185588 -0.006591797 -0.01056302
v 0.08463132 0.0335536 -0.009949207
v 0.08485568 -0.006621361 -0.009566784
v 0.10188 0.03380311 -0.002252936
v 0.1089393 0.03383863 -0.002656341
v 0.1091655 -0.006748319 -0.002269983
v 0.1021062 -0.006783843 -0.00186646
v 0.1085364 0.03376913 -0.009715557
v 0.1087626 -0.006817818 -0.0093292
v 0.1014768 0.03373361 -0.009312153
v 0.1017033 -0.006853342 -0.008925796
v 0.1255099 0.03478801 -0.001995325
v 0.1325692 0.03482354 -0.002398729
v 0.1328083 -0.008057356 -0.001990438
v 0.1257488 -0.00809288 -0.001587033
v 0.1321663 0.03475404 -0.009457946
v 0.1324054 -0.008126855 -0.009049773
v 0.1251067 0.03471851 -0.009054542
v 0.1253458 -0.008162379 -0.008646369
v 0.1471013 0.03417289 -0.003776312
v 0.1540841 0.03422523 -0.004888773
v 0.1542903 -0.005947113 -0.005486131
v 0.1473075 -0.005999565 -0.00437367
v 0.1529709 0.03432333 -0.01187098
v 0.1531774 -0.005849004 -0.01246834
v 0.1459881 0.03427088 -0.01075852
v 0.1461946 -0.005901456 -0.01135588
v 0.1633631 0.03433013 -0.003348708
v 0.1704148 0.03437412 -0.003869414
v 0.1706232 -0.006210327 -0.004472852
v 0.1635717 -0.006254315 -0.003952146
v 0.1698936 0.03447628 -0.01092052
v 0.170102 -0.006108165 -0.01152408
v 0.1628419 0.03443229 -0.01039982
v 0.1630503 -0.006152153 -0.01100338
v 0.1863705 0.03375077 -0.003375769
v 0.1932942 0.03375077 -0.004811645
v 0.1932942 -0.006426573 -0.004811764
v 0.1863705 -0.006426573 -0.003375888
v 0.1918584 0.03375077 -0.01173544
v 0.1918584 -0.006426573 -0.01173556
v 0.1849347 0.03375077 -0.01029956
v 0.1849347 -0.006426573 -0.01029968
v 0.2026354 0.03383088 -0.003705502
v 0.2096554 0.03383088 -0.004553437
v 0.2096554 -0.006758571 -0.004553556
v 0.2026354 -0.006758571 -0.003705621
v 0.2088076 0.03383088 -0.01157343
v 0.2088076 -0.006758571 -0.01157367
v 0.2017876 0.03383088 -0.01072562
v 0.2017876 -0.006758571 -0.01072574
v 0.22624 0.03468144 -0.004931092
v 0.23326 0.03468144 -0.005779028
v 0.23326 -0.008202076 -0.005779147
v 0.22624 -0.008202076 -0.004931211
v 0.2324122 0.03468144 -0.01279902
v 0.2324122 -0.008202076 -0.01279926
v 0.2253922 0.03468144 -0.01195121
v 0.2253922 -0.008202076 -0.01195133
v 0.2478489 0.03370535 -0.003606319
v 0.2548689 0.03370535 -0.004454255
v 0.2548689 -0.009178162 -0.004453778
v 0.2478489 -0.009178162 -0.003605843
v 0.254021 0.03370535 -0.01147425
v 0.254021 -0.009178162 -0.01147389
v 0.2470011 0.03370535 -0.01062644
v 0.2470011 -0.009178162 -0.01062596
v 0.2635251 -0.0706408 -0.01283991
v 0.2641107 -0.07106316 -0.00580585
v 0.2229823 -0.0715394 -0.005058885
v 0.2223643 -0.07111764 -0.01209033
v 0.2640985 -0.07812166 -0.006228685
v 0.2232536 -0.07859111 -0.005505562
v 0.263513 -0.07769918 -0.01326275
v 0.2226354 -0.07816935 -0.012537
v 0.1403936 -0.07284105 -0.01327026
v 0.1409239 -0.0730108 -0.006221175
v 0.08758533 -0.07286227 -0.005408764
v 0.08734286 -0.07268822 -0.01247358
v 0.1406616 -0.08007538 -0.006371498
v 0.08803856 -0.07991624 -0.005598187
v 0.1401314 -0.07990563 -0.0134207
v 0.08779609 -0.07974219 -0.01266289
v 0.02588618 -0.07213068 -0.01302505
v 0.02604735 -0.07246971 -0.005963922
v -0.006072044 -0.07306123 -0.005619049
v -0.006262064 -0.07272255 -0.01267934
v 0.02595294 -0.07953215 -0.006300807
v -0.005776167 -0.08011758 -0.005965352
v 0.02579176 -0.07919312 -0.01336193
v -0.005966187 -0.07977903 -0.01302564
v -0.06050301 -0.07198429 -0.01161098
v -0.06041718 -0.07217824 -0.004543185
v -0.1109976 -0.07100701 -0.005871773
v -0.1109688 -0.07081139 -0.01293993
v -0.06070209 -0.07924104 -0.004733562
v -0.110517 -0.07805908 -0.006064892
v -0.06078804 -0.07904708 -0.01180148
v -0.1104883 -0.07786357 -0.01313317
v -0.4089876 0.0234071 0.008386135
v -0.4087094 0.05151582 0.005251765
v 0.3864952 0.05302525 0.004002333
v 0.3854359 0.02493083 0.00709784
v -0.4025369 0.0509131 -0.02888811
v 0.3907021 0.05007207 -0.0289104
v -0.4029049 0.02280259 -0.02577841
v 0.3895532 0.02197838 -0.02584076
v 0.1196462 0.03481615 -0.005038023
v 0.1264974 0.03470421 -0.00329268
v 0.1267649 -0.07866681 -0.003575563
v 0.1199235 -0.07866681 -0.00536263
v 0.1282424 0.03467667 -0.01014495
v 0.1285518 -0.07866681 -0.0104171
v 0.1213912 0.03478861 -0.01189029
v 0.1217104 -0.07866681 -0.01220417
v -0.1693181 0.02534473 0.07162583
v -0.1693181 0.1653447 0.07162583
v -0.1693181 0.1653448 -0.008374095
v -0.1693181 0.02534473 -0.008374095
v -0.3993181 0.02534473 0.07162583
v -0.3993181 0.02534473 -0.008374095
v -0.3993181 0.1653448 -0.008374095
v -0.3993181 0.1653448 0.07162583
v -0.1793181 0.05534494 -0.01914334
v -0.1793182 0.05534494 0.03162575
v -0.1793181 0.1484218 0.03162587
v -0.179318 0.1484218 -0.01914322
v -0.289318 0.05534506 -0.01914346
v -0.2893178 0.1484219 -0.01914334
v -0.289318 0.1484219 0.03162575
v -0.2893181 0.05534506 0.03162563
v -0.1848179 0.143768 -0.03606629
v -0.184818 0.05999887 -0.03606641
v -0.2838179 0.1437682 -0.03606641
v -0.283818 0.05999899 -0.03606653
v -0.1982324 0.1324173 -0.04452789
v -0.1982325 0.07134962 -0.04452789
v -0.2704033 0.1324174 -0.04452789
v -0.2704035 0.07134962 -0.04452801
v -0.2303735 0.1157674 -0.0470382
v -0.2049388 0.1012156 -0.04633713
v -0.2049748 0.1013563 -0.04210889
v -0.2304095 0.115908 -0.04280996
v -0.230271 0.08647215 -0.04606283
v -0.2303071 0.08661282 -0.04183447
v -0.2562188 0.1161177 -0.04818022
v -0.2306591 0.1017796 -0.04764211
v -0.2306739 0.1019117 -0.04341352
v -0.2562337 0.1162498 -0.04395151
v -0.2558645 0.08682251 -0.04726338
v -0.2558794 0.08695471 -0.04303467
v 0.3606819 0.1353447 0.0816257
v 0.3606819 0.1653447 0.0816257
v 0.3606819 0.1653447 -0.008374214
v 0.3606819 0.1353447 -0.008374214
v -0.009318233 0.1353447 0.0816257
v -0.009318233 0.1353447 -0.008374214
v -0.0393182 0.1653447 -0.008374214
v -0.0393182 0.1653447 0.0816257
v -0.4077792 0.1484218 -0.01914322
v -0.4077793 0.1484218 0.03162587
v -0.4077795 0.05534494 0.03162575
v -0.4077793 0.05534494 -0.01914334
v -0.2977793 0.1484216 -0.0191431
v -0.2977794 0.05534482 -0.01914322
v -0.2977796 0.05534482 0.03162587
v -0.2977794 0.1484216 0.03162599
v -0.4022794 0.05999887 -0.03606641
v -0.4022793 0.143768 -0.03606629
v -0.3032795 0.05999863 -0.03606629
v -0.3032793 0.1437678 -0.03606617
v -0.3888649 0.0713495 -0.04452789
v -0.3888648 0.1324172 -0.04452777
v -0.316694 0.07134938 -0.04452777
v -0.3166938 0.1324172 -0.04452777
v -0.3567239 0.08799922 -0.04703808
v -0.3821586 0.102551 -0.04633701
v -0.3821226 0.1024103 -0.04210877
v -0.3566879 0.08785856 -0.04280984
v -0.3568264 0.1172944 -0.04606259
v -0.3567903 0.1171538 -0.04183435
v -0.3308786 0.08764899 -0.04817998
v -0.3564383 0.1019871 -0.04764199
v -0.3564235 0.101855 -0.04341328
v -0.3308637 0.0875169 -0.04395127
v -0.3312329 0.1169442 -0.04726303
v -0.331218 0.116812 -0.04303443
v 0.3870445 -0.08625877 -0.0009031296
v 0.3890237 -0.114452 0.0002051592
v -0.3888291 -0.1104407 -0.009537935
v -0.3858991 -0.0823338 -0.01072812
v 0.3886262 -0.1155908 -0.02805328
v -0.3894143 -0.1115761 -0.0377934
v 0.3866473 -0.08739758 -0.02916157
v -0.3864843 -0.08346915 -0.03898358
v -0.4033076 0.04285741 0.003819466
v -0.3751711 0.04031157 0.005182147
v -0.377287 -0.09015059 -0.003362536
v -0.4055423 -0.08981729 -0.00460124
v -0.374066 0.03747284 -0.02293766
v -0.3760536 -0.09059608 -0.03161633
v -0.4022025 0.04001856 -0.02430022
v -0.4043088 -0.09026289 -0.03285503
vn -1 7.174767E-08 2.720152E-08
vn 1 1.961868E-07 2.020471E-07
vn -3.530508E-14 -1 4.065566E-07
vn 4.259593E-14 1 -4.82718E-07
vn -8.687088E-08 2.583394E-08 1
vn 8.629139E-08 -1.003397E-07 -1
vn 1 -2.458966E-08 -1.85878E-07
vn 8.474225E-07 1.007723E-06 -1
vn -2.421788E-08 -1 1.485542E-07
vn 2.421625E-08 1 2.270923E-06
vn 6.429007E-07 1.218823E-06 -1
vn -7.07554E-07 -7.159085E-07 1
vn 0.9486825 0.3162303 1.321979E-06
vn -2.356209E-06 -5.653446E-07 1
vn 0.7071044 -0.7071092 8.614438E-07
vn 4.629307E-07 4.311896E-07 -1
vn -8.272772E-07 1 -9.418332E-08
vn -7.883232E-07 -3.812972E-07 1
vn 8.272776E-07 -1 2.129676E-07
vn -1 -1.231987E-07 -1.121442E-07
vn 1 -2.220383E-08 -4.906129E-07
vn -1 2.220364E-08 -9.180129E-07
vn -2.012053E-07 -5.718446E-08 1
vn 2.088079E-07 -3.276224E-07 -1
vn -2.380975E-08 -1 7.320199E-07
vn 2.333421E-08 1 1.037493E-06
vn 1 -6.876969E-08 1.908443E-07
vn -1 6.681468E-09 3.810612E-08
vn -1.123063E-07 -6.492446E-08 1
vn 2.340735E-08 1.748911E-07 -1
vn -2.895549E-08 -1 -4.321339E-07
vn -4.085448E-09 1 2.458693E-07
vn 0.2720861 0.9621651 0.01441299
vn 0.8726262 0.4877817 0.02434013
vn 0.9619938 -0.2723376 0.02000905
vn 0.4878384 -0.8729251 0.003956789
vn -0.2720862 -0.962165 -0.01441309
vn -0.8726264 -0.4877816 -0.02433988
vn -0.9619938 0.2723375 -0.02000872
vn -0.4878384 0.8729251 -0.003956827
vn -0.932085 0.2672441 -0.2445367
vn -0.02317698 -0.008421103 0.999696
vn -0.8450122 -0.4733659 -0.2487552
vn -0.2598854 -0.935574 -0.2390833
vn 0.4805353 -0.8486233 -0.2211883
vn 0.9425182 -0.2634521 -0.2055538
vn 0.8554461 0.4771564 -0.2013302
vn 0.2703196 0.9393653 -0.2109977
vn -0.4701009 0.8524157 -0.2288943
vn -0.4698282 0.145904 -0.8706167
vn -0.424328 -0.2410955 -0.8728223
vn -0.1185812 -0.4826169 -0.867767
vn 0.2683229 -0.4371814 -0.8584144
vn 0.5097262 -0.1314078 -0.8502419
vn 0.4642259 0.2555891 -0.848038
vn 0.1584747 0.4971127 -0.8530914
vn -0.2284251 0.4516778 -0.8624437
vn -0.9619938 0.2723368 -0.02001736
vn -0.8726277 -0.4877787 -0.0243471
vn -0.2720851 -0.9621653 -0.01441467
vn 0.4878373 -0.8729256 0.003961748
vn 0.9619938 -0.2723368 0.02001735
vn 0.8726278 0.4877787 0.02434708
vn 0.2720849 0.9621654 0.01441454
vn -0.4878373 0.8729256 -0.003961836
vn -0.7023805 0.2088166 -0.6804832
vn -0.635693 -0.3583598 -0.6837198
vn -0.1875934 -0.7123252 -0.6763147
vn 0.3794393 -0.6457361 -0.6626091
vn 0.7332373 -0.1976036 -0.6506273
vn 0.6665564 0.3695719 -0.6473942
vn 0.2184508 0.7235409 -0.6548038
vn -0.348577 0.6569541 -0.66851
vn 0.02317719 0.008420992 -0.999696
vn -7.022794E-07 1 1.543235E-07
vn -6.821009E-09 7.57319E-07 -1
vn 1 -2.493427E-06 -1.843351E-07
vn -0.7304112 0.6830077 2.393482E-07
vn -4.498069E-07 -1.37434E-06 -1
vn -1.229089E-07 -1.607443E-06 1
vn -0.6191174 0.1560927 -0.7696289
vn 1 5.23966E-07 -2.902486E-07
vn -1.302267E-07 1.459947E-07 1
vn -1 4.474501E-07 1.539765E-07
vn -9.498306E-08 0.3758841 -0.9266667
vn 2.000318E-06 -1 -8.780054E-08
vn 1.287236E-06 1.163426E-07 1
vn 1.63449E-07 -2.419802E-07 1
vn -1.634489E-07 6.66665E-08 -1
vn -1 1.898704E-08 5.263976E-08
vn -2.281186E-07 -7.762197E-07 1
vn 1 -5.50381E-08 -2.076418E-07
vn -8.663669E-07 -1 9.632646E-07
vn -1 -5.415462E-07 -1.098898E-08
vn 1 -6.359889E-07 1.098877E-08
vn 2.65416E-06 1 1.568554E-07
vn -0.6830078 -0.7304111 -1.227704E-07
vn 1.539652E-06 -1.086169E-07 -1
vn 1.442131E-06 -4.640993E-07 1
vn -2.596768E-07 1.301528E-06 -1
vn -5.251355E-07 1 1.872137E-07
vn -3.11307E-07 -4.714168E-07 1
vn -6.081833E-07 -1 -1.872137E-07
vn -2.893293E-07 -1.159344E-07 -1
vn 1 2.178826E-06 1.098927E-08
vn -2.816546E-07 9.460454E-07 1
vn 7.666797E-08 -1.777412E-07 1
vn 9.864574E-08 1.777412E-07 -1
vn 0.9879638 0.1541329 -0.01306609
vn 0.4523784 -0.8902022 0.05379474
vn -0.7083783 -0.7043118 0.04631605
vn -0.8901798 0.454914 -0.02516862
vn 0.1582174 0.9854638 -0.06187313
vn -0.003512912 -0.0621078 -0.9980633
vn 0.003512174 0.06210792 0.9980633
vn 0.9636783 0.190408 -0.1872673
vn 0.4284533 -0.8491749 -0.3087554
vn -0.6988787 -0.7152314 -0.003552363
vn -0.8603832 0.4071376 0.306561
vn 0.1671327 0.9668566 0.1930154
vn -0.2290227 0.2284787 -0.9462273
vn 0.2290221 -0.2284786 0.9462276
vn 1 -7.672619E-07 7.20424E-08
vn -1 -7.228547E-07 -1.826371E-07
vn -2.0476E-07 -7.13962E-07 1
vn 2.083146E-07 1.628323E-07 -1
vn -2.201866E-08 -1 -1.7602E-07
vn 2.360411E-08 1 -1.732262E-07
vn 1 -7.300191E-07 -2.286897E-07
vn -1 -7.600972E-07 -9.986616E-07
vn -3.58206E-07 -7.13962E-07 1
vn 3.6887E-07 1.186548E-07 -1
vn 1.497014E-08 -1 -1.793462E-07
vn -1.523811E-08 1 -2.330969E-07
vn 6.426747E-07 -1 -1.708116E-07
vn 5.348604E-07 1 1.708116E-07
vn -1 2.553032E-06 -2.509891E-08
vn 0.7304112 -0.6830077 -9.902882E-08
vn 2.905715E-07 1.699474E-06 -1
vn 2.821444E-07 1.282308E-06 1
vn -1.119573E-06 -9.98542E-08 -1
vn -1 -6.262641E-07 5.258825E-09
vn 2.894621E-07 -4.711297E-07 1
vn 1 -5.070548E-07 -5.259019E-09
vn 2.978892E-07 -1.295065E-07 -1
vn -2.279954E-06 1 1.708116E-07
vn -1.128E-06 -4.414775E-07 1
vn -4.213552E-09 -8.315477E-08 1
vn 4.213542E-09 2.584685E-07 -1
vn 0.9388387 0.3350584 0.07948525
vn 0.6111535 -0.7914926 0.005572395
vn -0.5611242 -0.8242316 -0.07603869
vn -0.9579469 0.2820898 -0.0525656
vn -0.03091887 0.9985727 0.04354937
vn 0.06811371 0.04556644 -0.9966365
vn -0.06811446 -0.04556646 0.9966365
vn 1 5.658201E-07 -6.123541E-09
vn -1 6.117149E-07 6.12354E-09
vn -2.629886E-06 -1 -2.017405E-08
vn 0.6830078 0.7304111 9.856931E-09
vn -1.534786E-06 2.856463E-07 -1
vn -1.446996E-06 2.870698E-07 1
vn 2.645422E-07 -1.124498E-06 -1
vn 2.694788E-07 2.2615E-06 -1
vn 3.064416E-07 2.943873E-07 1
vn 5.839094E-07 1 -1.018422E-08
vn 2.941946E-07 2.929639E-07 -1
vn -1 -2.203099E-06 6.123544E-09
vn 2.767893E-07 -1.123075E-06 1
vn -8.153332E-08 7.117346E-10 1
vn -9.37804E-08 -7.117316E-10 -1
vn -1 -7.253701E-08 6.123531E-09
vn 3.197229E-07 -2.351629E-06 1
vn 1 -2.271727E-08 -6.12354E-09
vn -1.724991E-08 -1 2.365391E-08
vn 0.5114825 0.8578426 0.04991701
vn 0.9745792 -0.2224212 0.02691229
vn 0.09084366 -0.9953089 -0.03328153
vn -0.9184347 -0.392713 -0.04748013
vn -0.6584671 0.7525993 0.003935189
vn 0.03595587 0.03667062 -0.9986804
vn -0.03595644 -0.03667111 0.9986804
vn 1 -1.404969E-06 6.896373E-07
vn -1 1.404969E-06 -6.896373E-07
vn -1.445946E-06 -1 -1.389104E-06
vn 1.445946E-06 1 1.389104E-06
vn 0.8574886 -5.438924E-07 -0.5145029
vn -6.793947E-07 -1.409592E-06 1
vn 1.586515E-06 0.9578251 -0.287352
vn -0.8574879 1.994372E-06 -0.5145041
vn -1.190175E-06 -0.9578243 -0.2873547
vn 6.894103E-07 1.409592E-06 -1
vn 1 -1.151349E-06 7.194531E-07
vn -1 1.151349E-06 -7.194531E-07
vn -1.192326E-06 -1 -1.185172E-06
vn 1.192326E-06 1 1.185172E-06
vn 0.8574886 -4.3134E-07 -0.5145029
vn -7.0921E-07 -1.20566E-06 1
vn 1.352159E-06 0.957825 -0.2873522
vn -0.8574879 1.671972E-06 -0.5145041
vn -9.386833E-07 -0.9578243 -0.2873545
vn 7.192256E-07 1.20566E-06 -1
vn 1 -1.060761E-06 5.169298E-07
vn -1 1.060761E-06 -5.169298E-07
vn -1.101738E-06 -1 -1.018519E-06
vn 1.101738E-06 1 1.018519E-06
vn 0.8574886 -4.39405E-07 -0.5145031
vn -5.066864E-07 -1.039007E-06 1
vn 1.207196E-06 0.9578249 -0.2873524
vn -0.857488 1.508551E-06 -0.5145039
vn -9.101119E-07 -0.9578243 -0.2873543
vn 5.16702E-07 1.039007E-06 -1
vn 1 -8.339963E-07 3.617683E-07
vn -1 8.339963E-07 -3.617683E-07
vn -8.749741E-07 -1 -8.27147E-07
vn 8.749741E-07 1 8.27147E-07
vn 0.8574885 -3.434185E-07 -0.5145032
vn -3.515245E-07 -8.476357E-07 1
vn 9.45409E-07 0.9578249 -0.2873525
vn -0.8574881 1.215642E-06 -0.5145038
vn -7.374979E-07 -0.9578244 -0.2873541
vn 3.615401E-07 8.476357E-07 -1
vn 1 -8.343599E-07 5.156246E-07
vn -1 8.343599E-07 -5.156246E-07
vn -8.753375E-07 -1 -8.60311E-07
vn 8.753375E-07 1 8.60311E-07
vn 0.8574886 -3.266674E-07 -0.5145031
vn -5.053808E-07 -8.807996E-07 1
vn 9.899682E-07 0.9578249 -0.2873525
vn -0.857488 1.233016E-06 -0.5145039
vn -6.936348E-07 -0.9578244 -0.2873542
vn 5.153964E-07 8.807996E-07 -1
vn 1 -5.44995E-07 3.412968E-07
vn -1 5.44995E-07 -3.412968E-07
vn -5.859728E-07 -1 -6.838195E-07
vn 5.859728E-07 1 6.838195E-07
vn 0.8574885 -1.693457E-07 -0.5145032
vn -3.310526E-07 -7.043083E-07 1
vn 6.627138E-07 0.9578249 -0.2873527
vn -0.8574881 8.940839E-07 -0.5145038
vn -4.66568E-07 -0.9578245 -0.287354
vn 3.410682E-07 7.043083E-07 -1
vn 1 -2.22035E-08 -2.590279E-07
vn -1 2.220354E-08 -3.646923E-07
vn -2.012053E-07 -5.995297E-08 1
vn 2.12494E-07 1.74815E-09 -1
vn -3.687918E-08 -1 8.344653E-07
vn 3.012651E-09 1 -8.9407E-08
vn 0.2720861 0.962165 0.014413
vn 0.8726263 0.4877817 0.02434001
vn 0.9619938 -0.2723377 0.02000885
vn 0.4878384 -0.872925 0.003956855
vn -0.2720863 -0.962165 -0.01441303
vn -0.8726264 -0.4877816 -0.02433963
vn -0.9619938 0.2723375 -0.0200084
vn -0.4878384 0.872925 -0.003956787
vn -0.9320849 0.2672441 -0.2445369
vn -0.02317697 -0.008421102 0.999696
vn -0.8450122 -0.4733659 -0.2487552
vn -0.2598856 -0.935574 -0.2390834
vn 0.4805352 -0.8486233 -0.2211885
vn 0.9425183 -0.2634522 -0.2055538
vn 0.855446 0.4771564 -0.2013302
vn 0.2703195 0.9393654 -0.210998
vn -0.4701009 0.8524157 -0.2288946
vn -0.4698282 0.145904 -0.8706168
vn -0.4243279 -0.2410955 -0.8728224
vn -0.1185813 -0.4826169 -0.867767
vn 0.2683229 -0.4371814 -0.8584144
vn 0.5097258 -0.1314079 -0.8502421
vn 0.4642257 0.2555892 -0.8480382
vn 0.1584748 0.4971126 -0.8530914
vn -0.2284252 0.4516779 -0.8624437
vn -0.9619938 0.2723368 -0.0200174
vn -0.8726277 -0.4877788 -0.02434704
vn -0.2720851 -0.9621652 -0.01441461
vn 0.4878372 -0.8729257 0.003961773
vn 0.9619938 -0.2723368 0.02001746
vn 0.8726277 0.4877787 0.02434688
vn 0.272085 0.9621653 0.01441447
vn -0.4878373 0.8729256 -0.003961846
vn -0.7023802 0.2088167 -0.6804833
vn -0.6356922 -0.3583595 -0.6837206
vn -0.1875934 -0.712325 -0.676315
vn 0.3794391 -0.6457358 -0.6626094
vn 0.7332373 -0.1976035 -0.6506273
vn 0.6665565 0.3695719 -0.647394
vn 0.2184507 0.7235411 -0.6548035
vn -0.348577 0.6569538 -0.6685103
vn 0.02317711 0.00842105 -0.999696
vn -0.09781849 0.02883913 0.9947864
vn 0.9953743 0.01373362 0.09508599
vn 0.09628481 -0.02800939 -0.9949597
vn -0.9989789 -0.001127725 -0.04516698
vn 0.006053003 0.9925254 -0.1218883
vn -0.08511301 -0.9952416 0.04743476
vn 1 -6.878304E-08 -6.12354E-09
vn -1 6.878304E-08 6.12354E-09
vn -1.724993E-08 -1 -2.769184E-06
vn 1.724989E-08 1 -2.89039E-06
vn -5.936491E-09 -7.117331E-10 -1
vn 7.182223E-09 7.117331E-10 1
vn 1 -4.327039E-08 2.37308E-07
vn -1 4.327054E-08 -2.602327E-07
vn -7.891857E-07 -4.481221E-07 1
vn 7.867977E-07 2.262211E-07 -1
vn -1.591364E-07 -1 -5.364417E-07
vn 1.350655E-07 1 2.011657E-07
vn 1 -1.604258E-07 9.301617E-07
vn -1 1.604258E-07 -9.301617E-07
vn -3.88132E-07 -1.992678E-07 1
vn 3.88132E-07 1.992678E-07 -1
vn -1.607924E-07 -1 -1.788139E-07
vn 1.607924E-07 1 1.788139E-07
vn 0.09544144 0.00251677 0.9954319
vn 0.9953179 0.01515981 -0.09545944
vn -0.09544146 -0.002515401 -0.9954319
vn -0.9953179 -0.01516088 0.09545944
vn -0.01533121 0.9998819 -0.001059989
vn 0.0153311 -0.9998819 0.001060119
vn 0.195578 -0.02011782 0.9804818
vn 0.9805909 0.01823267 -0.1952155
vn -0.195578 0.02011841 -0.9804818
vn -0.9805909 -0.0182344 0.1952155
vn -0.01395024 0.9996314 0.02329092
vn 0.01395016 -0.9996314 -0.0232908
vn 0.07305925 -0.01790827 0.9971668
vn 0.9970435 0.02520334 -0.07258816
vn -0.07305934 0.01790971 -0.9971668
vn -0.9970435 -0.02520448 0.07258818
vn -0.02383239 0.999522 0.01969465
vn 0.02383234 -0.999522 -0.01969461
vn 0.2021237 -0.0009619852 0.9793596
vn 0.9791838 0.01927546 -0.2020583
vn -0.2021237 0.0009625782 -0.9793596
vn -0.9791838 -0.01927719 0.2020584
vn -0.01868399 0.9998137 0.00483565
vn 0.01868392 -0.9998137 -0.004835534
vn 0.04241168 -0.01529508 0.9989831
vn 0.999 0.01484521 -0.04217569
vn -0.04241174 0.01529652 -0.9989831
vn -0.9989999 -0.01484635 0.04217571
vn -0.01418536 0.9997728 0.01590738
vn 0.01418531 -0.9997728 -0.01590733
vn 0.1721261 0.0002812599 0.9850749
vn 0.9850393 0.00866338 -0.1721122
vn -0.1721261 -0.0002806673 -0.9850749
vn -0.9850393 -0.008665105 0.1721123
vn -0.00858318 0.9999624 0.001211783
vn 0.0085831 -0.9999624 -0.001211669
vn 0.08859085 -0.0004486436 0.9960681
vn 0.996032 0.008656533 -0.08857431
vn -0.0885909 0.0004500823 -0.996068
vn -0.9960319 -0.008657672 0.08857435
vn -0.008583168 0.9999624 0.001211752
vn 0.008583127 -0.9999624 -0.001211703
vn 0.08859088 -0.0004485201 0.996068
vn 0.9960319 0.008656543 -0.08857439
vn -0.0885909 0.000449889 -0.996068
vn -0.9960319 -0.008657618 0.08857439
vn -0.008583168 0.9999624 0.001211752
vn 0.008583059 -0.9999624 -0.001211623
vn -0.01294405 0.0007241585 0.999916
vn 0.9998819 0.008279326 0.01294701
vn 0.012944 -0.0007227198 -0.999916
vn -0.9998819 -0.008280467 -0.01294697
vn -0.008269462 0.9999655 -0.0008332723
vn 0.008269415 -0.9999655 0.0008333169
vn 0.117443 0.0153086 0.9929616
vn 0.9930791 6.48274E-05 -0.1174479
vn -0.117443 -0.01530801 -0.9929616
vn -0.9930791 -6.655223E-05 0.117448
vn -0.001862897 0.9998828 -0.01519743
vn 0.001862811 -0.9998828 0.01519754
vn 0.03342535 0.01524923 0.9993249
vn 0.9994398 0.00135352 -0.03344044
vn -0.03342539 -0.01524779 -0.9993249
vn -0.9994398 -0.00135466 0.0334405
vn -0.001862847 0.9998828 -0.01519746
vn 0.001862803 -0.9998828 0.01519751
vn 0.03342538 0.01524935 0.9993249
vn 0.9994398 0.00135353 -0.03344052
vn -0.03342539 -0.01524798 -0.9993249
vn -0.9994398 -0.001354606 0.03344054
vn -0.001862847 0.9998828 -0.01519746
vn 0.001862731 -0.9998828 0.01519759
vn 0.1339859 -0.008844828 0.9909438
vn 0.9909826 0.003214457 -0.1339524
vn -0.1339859 0.008845421 -0.9909438
vn -0.9909826 -0.003216183 0.1339525
vn -0.002001162 0.9999558 0.009193379
vn 0.002001078 -0.9999558 -0.009193269
vn 0.01070755 -0.004867377 0.9999309
vn 0.999875 0.01169369 -0.01064063
vn -0.0107076 0.004868816 -0.9999309
vn -0.999875 -0.01169483 0.01064066
vn -0.01164134 0.9999198 0.004989954
vn 0.0116413 -0.9999198 -0.004989909
vn 0.1408441 0.01020997 0.9899791
vn 0.9900175 0.004178937 -0.1408826
vn -0.140844 -0.01020938 -0.9899791
vn -0.9900175 -0.004180661 0.1408826
vn -0.005576085 0.9999391 -0.009521851
vn 0.005576002 -0.9999391 0.009521963
vn 0.05700073 0.009822277 0.9983258
vn 0.9983591 0.005023854 -0.05704265
vn -0.05700078 -0.009820838 -0.9983258
vn -0.9983591 -0.005024994 0.0570427
vn -0.00557608 0.9999391 -0.009521808
vn 0.005576037 -0.9999391 0.009521857
vn 0.05700077 0.0098224 0.9983258
vn 0.9983591 0.005023864 -0.05704273
vn -0.05700078 -0.009821031 -0.9983258
vn -0.9983591 -0.00502494 0.05704274
vn -0.00557608 0.9999391 -0.009521808
vn 0.005575967 -0.9999391 0.009521935
vn 0.1574152 -0.01387408 0.9874351
vn 0.9875208 0.007412805 -0.1573146
vn -0.1574151 0.01387467 -0.987435
vn -0.9875208 -0.007414531 0.1573146
vn -0.005137727 0.9998763 0.01486546
vn 0.005137646 -0.9998763 -0.01486534
vn 0.07372329 -0.01444854 0.9971741
vn 0.9972662 0.006218762 -0.07363058
vn -0.07372335 0.01444998 -0.9971741
vn -0.9972662 -0.006219902 0.07363059
vn -0.005137715 0.9998763 0.0148655
vn 0.005137674 -0.9998763 -0.01486545
vn 0.2030638 -2.999763E-06 0.9791656
vn 0.9791676 -3.28235E-07 -0.203054
vn -0.2030637 3.592032E-06 -0.9791656
vn -0.9791675 -1.39744E-06 0.2030541
vn 1.628475E-07 1 5.348131E-07
vn -2.389797E-07 -1 -4.188419E-07
vn 0.1199132 -2.588609E-06 0.9927844
vn 0.9927855 -3.568386E-07 -0.1199038
